2485
23331
8025
10592
18112
15860
9554
6010
23213
19652
26973
2342
7800
16432
14069
31757
14591
1068
26766
17883
14856
30453
31424
27354
26246
5191
23208
17094
6680
24785
29580
24541
25043
10726
16317
27701
13377
28021
24770
29010
27305
32315
690
15864
24465
14391
3810
24126
22146
22878
29120
23012
4363
21137
30719
11494
13576
9420
1781
11857
26661
7840
13377
22870
17565
3555
176
11421
2888
14758
14946
5084
14036
14439
18984
4007
21586
30344
28721
3978
17653
256
13286
12885
19735
26705
2834
24759
5245
20410
31814
30222
31708
31917
16508
27518
27548
31363
10234
14656
32731
9839
18041
25149
13749
14256
10887
24028
32195
6155
9258
21528
22497
8313
24262
24533
23605
3613
21056
19316
21869
17272
20324
31653
20551
10720
11140
31868
17495
18222
20322
25800
14853
23480
11601
928
4565
7295
25238
3134
20715
23977
2068
13329
5838
16689
30249
30477
8300
15837
32723
30278
31838
4720
26903
9405
21614
31009
7331
13945
28758
12109
25778
1498
21963
9577
11056
25387
10682
27450
1310
630
14034
11336
3385
31644
15682
20624
20950
4260
28612
5497
23057
11860
16858
13065
1574
23294
27479
24921
20255
1949
17698
21062
10672
30497
25399
29546
4191
12294
32731
32723
32315
32195
31917
31868
31838
31814
31757
31708
31653
31644
31424
31363
31009
30719
30497
30477
30453
30344
30278
30249
30222
29580
29546
29120
29010
28758
28721
28612
28021
27701
27548
27518
27479
27450
27354
27305
26973
26903
26766
26705
26661
26246
25800
25778
25399
25387
25238
25149
25043
24921
24785
24770
24759
24541
24533
24465
24262
24126
24028
23977
23605
23480
23331
23294
23213
23208
23057
23012
22878
22870
22497
22146
21963
21869
21614
21586
21528
21137
21062
21056
20950
20715
20624
20551
20410
20324
20322
20255
19735
19652
19316
18984
18222
18112
18041
17883
17698
17653
17565
17495
17272
17094
16858
16689
16508
16432
16317
15864
15860
15837
15682
14946
14856
14853
14758
14656
14591
14439
14391
14256
14069
14036
14034
13945
13749
13576
13377
13377
13329
13286
13065
12885
12294
12109
11860
11857
11601
11494
11421
11336
11140
11056
10887
10726
10720
10682
10672
10592
10234
9839
9577
9554
9420
9405
9258
8313
8300
8025
7840
7800
7331
7295
6680
6155
6010
5838
5497
5245
5191
5084
4720
4565
4363
4260
4191
4007
3978
3810
3613
3555
3385
3134
2888
2834
2485
2342
2068
1949
1781
1574
1498
1310
1068
928
690
630
256
176
