32731
32723
32315
32195
31917
31868
31838
31814
31757
31708
31653
31644
31424
31363
31009
30719
30497
30477
30453
30344
30278
30249
30222
29580
29546
29120
29010
28758
28721
28612
28021
27701
27548
27518
27479
27450
27354
27305
26973
26903
26766
26705
26661
26246
25800
25778
25399
25387
25238
25149
25043
24921
24785
24770
24759
24541
24533
24465
24262
24126
24028
23977
23605
23480
23331
23294
23213
23208
23057
23012
22878
22870
22497
22146
21963
21869
21614
21586
21528
21137
21062
21056
20950
20715
20624
20551
20410
20324
20322
20255
19735
19652
19316
18984
18222
18112
18041
17883
17698
17653
17565
17495
17272
17094
16858
16689
16508
16432
16317
15864
15860
15837
15682
14946
14856
14853
14758
14656
14591
14439
14391
14256
14069
14036
14034
13945
13749
13576
13377
13377
13329
13286
13065
12885
12294
12109
11860
11857
11601
11494
11421
11336
11140
11056
10887
10726
10720
10682
10672
10592
10234
9839
9577
9554
9420
9405
9258
8313
8300
8025
7840
7800
7331
7295
6680
6155
6010
5838
5497
5245
5191
5084
4720
4565
4363
4260
4191
4007
3978
3810
3613
3555
3385
3134
2888
2834
2485
2342
2068
1949
1781
1574
1498
1310
1068
928
690
630
256
176
